-0.954981  0.141449 -0.260775         0
 0.136453  0.989946 0.0372609         0
 0.263423        -0  -0.96468         0
        0         0         0         1
  -0.980827    0.194775  0.00634699    -27.6102
   0.194771    0.980848 -0.00126037     27.2154
-0.00647093          -0   -0.999979     10.0318
          0           0           0           1
  -0.993542     0.11181   0.0193207    -63.6493
   0.111789     0.99373 -0.00217389     34.3719
 -0.0194426          -0   -0.999811     9.79399
          0           0           0           1
  -0.990234   0.0939846    0.102976    -98.1999
  0.0934805    0.995574 -0.00972122     38.2594
  -0.103434          -0   -0.994636     9.11787
          0           0           0           1
  -0.990234   0.0939846    0.102976    -118.433
  0.0934805    0.995574 -0.00972122     40.1695
  -0.103434          -0   -0.994636     7.00445
          0           0           0           1
  -0.999194  -0.0213927   0.0339732    -33.0728
 -0.0213804    0.999771 0.000726946     4.72562
  -0.033981           0   -0.999422     9.12285
          0           0           0           1
   -0.999207   -0.0362156   -0.0165291     -74.6774
  -0.0362107     0.999344 -0.000599004      3.83538
   0.0165399            0    -0.999863      7.70795
           0            0            0            1
  -0.989849  -0.0100368    0.141765    -107.611
-0.00993543     0.99995  0.00142294      2.6419
  -0.141772           0   -0.989899      8.2531
          0           0           0           1
  -0.989849  -0.0100368    0.141765    -126.924
-0.00993543     0.99995  0.00142294     2.44805
  -0.141772           0   -0.989899     5.48699
          0           0           0           1
  -0.930889   -0.364933  -0.0164009    -16.5681
  -0.364876    0.931034 -0.00642857      -37.33
  0.0176157           0   -0.999845     13.3133
          0           0           0           1
 -0.924721  -0.380344  0.0151374   -48.5252
 -0.380293   0.924845 0.00622528   -49.8561
-0.0163675          0  -0.999866     13.918
         0          0          0          1
 -0.915294  -0.402627  0.0113064   -72.7607
 -0.402597   0.915364 0.00497316    -59.823
-0.0123518          0  -0.999924    13.4891
         0          0          0          1
 -0.915294  -0.402627  0.0113064    -88.588
 -0.402597   0.915364 0.00497316   -66.7847
-0.0123518          0  -0.999924    13.2755
         0          0          0          1
-0.983417 -0.147781  0.105123  -27.7515
-0.146944   0.98902 0.0157077   -17.756
 -0.10629         0 -0.994335   9.42344
        0         0         0         1
   -0.9849  -0.168687  0.0389446   -65.5864
 -0.168555    0.98567 0.00666495   -23.4094
-0.0395108          0  -0.999219    5.33415
         0          0          0          1
 -0.987408  -0.136635  0.0797245   -98.9397
 -0.136191   0.990622  0.0109963   -29.1175
-0.0804793          0  -0.996756    3.99613
         0          0          0          1
 -0.987408  -0.136635  0.0797245   -118.337
 -0.136191   0.990622  0.0109963   -31.7929
-0.0804793          0  -0.996756    2.41514
         0          0          0          1
-0.765308  0.622305 -0.164439   47.4029
 0.608419  0.782775  0.130729   42.1899
 0.210073        -0 -0.977686   11.7122
        0         0         0         1
 -0.730889   0.678586 -0.0729519     19.739
  0.675231   0.734521  0.0673964    64.1827
  0.099319         -0  -0.995056    19.3058
         0          0          0          1
-0.590548  0.799343 -0.110925  -9.70357
 0.785604  0.600876  0.147563   91.3832
 0.184606        -0 -0.982813   23.3067
        0         0         0         1
-0.590548  0.799343 -0.110925  -23.1871
 0.785604  0.600876  0.147563    109.32
 0.184606        -0 -0.982813   27.5217
        0         0         0         1
  0.904506  -0.128285   0.406709    79.4465
 -0.117002  -0.991737 -0.0526094   -5.27439
  0.410097          0  -0.912042    13.4948
         0          0          0          1
  0.904506  -0.128285   0.406709    261.532
 -0.117002  -0.991737 -0.0526094   -28.8278
  0.410097          0  -0.912042    96.0509
         0          0          0          1
