-0.954981  0.141449 -0.260775         0
 0.136453  0.989946 0.0372609         0
 0.263423        -0  -0.96468         0
        0         0         0         1
    0.961544   -0.0521669    -0.269651      32.7234
   0.0540758     0.998537 -0.000349928      23.0363
    0.269275   -0.0142451     0.962958     -1.46334
           0            0            0            1
    0.996392    0.0838828    -0.012904      36.7436
  -0.0838687     0.996475   0.00163094 3.55271e-015
   0.0129953 -0.000542811     0.999915 1.77636e-015
           0            0            0            1
      0.9963    0.0179168   -0.0840596      34.7753
  -0.0178241     0.999839   0.00185356            0
   0.0840793 -0.000348416     0.996459 1.77636e-015
           0            0            0            1
            1             0  1.38778e-017       20.4324
 1.37001e-017             1 -1.70857e-018 -3.55271e-015
            0  1.73472e-018             1 -3.55271e-015
            0             0             0             1
     0.942342      0.156851     -0.295616       34.6319
      -0.1625      0.986693    0.00552511             0
     0.292549      0.042831      0.955291 -1.77636e-015
            0             0             0             1
    0.998614    0.0148201    0.0505049      41.6381
  -0.0148266      0.99989 -0.000245265            0
   -0.050503 -0.000503893     0.998724 1.77636e-015
           0            0            0            1
     0.98708     -0.02618    -0.158077      32.9596
   0.0259191     0.999657  -0.00371211            0
     0.15812 -0.000433074      0.98742 8.88178e-016
           0            0            0            1
            1  1.73472e-018 -2.77556e-017       19.5109
            0             1             0             0
            0  -2.1684e-019             1             0
            0             0             0             1
   0.843834    0.475546   -0.248597     14.2354
  -0.492881    0.870053 -0.00868381    -39.2982
   0.212163    0.129856    0.968568     -9.9135
          0           0           0           1
     0.999285     0.0166041    -0.0339761       34.3297
   -0.0166045      0.999862    0.00027181 -3.55271e-015
    0.0339759   0.000292539      0.999423  1.77636e-015
            0             0             0             1
     0.999699     0.0242113    0.00401976       26.2084
   -0.0242127      0.999707   0.000299093 -3.55271e-015
  -0.00401134  -0.000396332      0.999992             0
            0             0             0             1
            1  5.55112e-017  1.73472e-018        17.292
  5.5521e-017             1  7.93831e-019  3.55271e-015
-1.73472e-018 -8.67362e-019             1             0
            0             0             0             1
 0.891095  0.276083 -0.360178   26.5616
 -0.28457  0.958173 0.0304193  -21.5029
 0.353511 0.0753893  0.932387  -2.51533
        0         0         0         1
   0.997536   0.0210516    0.066929     38.4729
  -0.021155    0.999776 0.000836502           0
 -0.0668964 -0.00225032    0.997757           0
          0           0           0           1
     0.998634    -0.0324031    -0.0409916       33.8647
    0.0323232      0.999474   -0.00260982 -1.77636e-015
    0.0410546    0.00128127      0.999156             0
            0             0             0             1
            1 -5.55112e-017  1.38778e-017       19.6446
 2.80313e-017             1  1.67992e-018 -1.77636e-015
            0             0             1             0
            0             0             0             1
  0.869213  -0.487478 -0.0826702   -36.4267
   0.49405   0.862929   0.106155    48.4708
 0.0195901  -0.133115   0.990907    -22.088
         0          0          0          1
    0.991043   -0.0724302    -0.112198      36.1474
   0.0737171     0.997252   0.00735788 7.10543e-015
    0.111357   -0.0155629     0.993659            0
           0            0            0            1
  0.980424  -0.178501  0.0831013    40.2832
  0.176305   0.983778  0.0331161          0
-0.0876645 -0.0178166   0.995991          0
         0          0          0          1
            1             0 -2.77556e-017       22.8323
            0             1 -1.38778e-017 -7.10543e-015
            0 -1.38778e-017             1 -1.77636e-015
            0             0             0             1
  -0.771722  -0.0128153   -0.635831    -73.0348
   0.012116   -0.999912  0.00544793     6.01625
  -0.635844 -0.00349944    0.771809    -33.9323
          0           0           0           1
            1  1.38778e-017 -5.55112e-017       201.309
 1.38778e-017             1             0  4.44089e-015
-5.55112e-017             0             1  7.10543e-015
            0             0             0             1
